{
 "cells": [
  {
   "cell_type": "code",
   "execution_count": 151,
   "metadata": {},
   "outputs": [],
   "source": [
    "#Tim Altemus, Michael Austin, Han Bui\n",
    "\n",
    "import statistics\n",
    "import matplotlib.pyplot as plt\n",
    "import pandas as pd\n",
    "import seaborn as sns\n",
    "import numpy as np\n",
    "from mpl_toolkits.mplot3d import Axes3D\n",
    "import statsmodels.formula.api as sm\n",
    "from sklearn import cluster\n",
    "\n",
    "%matplotlib inline\n",
    "plot_kwds = {'alpha' : 0.25, 's' : 80, 'linewidths' : 0}"
   ]
  },
  {
   "cell_type": "code",
   "execution_count": 152,
   "metadata": {},
   "outputs": [],
   "source": [
    "#appending letters for each bin\n",
    "\n",
    "def createAPBin():\n",
    "    binPA = []\n",
    "    for x in df.AffectedPercentage:\n",
    "        if x > 70:\n",
    "            binPA.append('I')\n",
    "        elif x > 60:\n",
    "            binPA.append('H')\n",
    "        elif x > 50:\n",
    "            binPA.append('G')\n",
    "        elif x > 40:\n",
    "            binPA.append('F')\n",
    "        elif x > 30:\n",
    "            binPA.append('E')\n",
    "        elif x > 20:\n",
    "            binPA.append('D')\n",
    "        elif x > 10:\n",
    "            binPA.append('C')\n",
    "        elif x > 0:\n",
    "            binPA.append('B')\n",
    "        else:\n",
    "            binPA.append('A')\n",
    "    return binPA\n",
    "\n",
    "def plot_clusters(data, algorithm, args, kwds, xlabel = \"x\", ylabel = \"y\", names = [], print_names = False):\n",
    "    labels = algorithm(*args, **kwds).fit_predict(data)\n",
    "    palette = sns.color_palette('deep', np.unique(labels).max() + 1)\n",
    "    colors = [palette[x] if x >= 0 else (0.0, 0.0, 0.0) for x in labels]\n",
    "    plt.scatter(data.T[0], data.T[1], c = colors, **plot_kwds)\n",
    "    frame = plt.gca()\n",
    "    plt.xlabel(xlabel)\n",
    "    plt.ylabel(ylabel)\n",
    "    plt.title('Clusters found by {}'.format(str(algorithm.__name__), fontsize=24))\n",
    "    \n",
    "    if print_names:\n",
    "        if len(names) != 0:\n",
    "            for i, name in enumerate(names):\n",
    "                plt.annotate(name, (data[i, 0], data[i, 1]))\n",
    "                \n",
    "def dictionary_sum(dictionary):\n",
    "    total = 0\n",
    "    for key in dictionary.keys():\n",
    "        total += dictionary[key]\n",
    "        \n",
    "    return total"
   ]
  },
  {
   "cell_type": "code",
   "execution_count": 153,
   "metadata": {},
   "outputs": [
    {
     "name": "stdout",
     "output_type": "stream",
     "text": [
      "<class 'pandas.core.frame.DataFrame'>\n",
      "RangeIndex: 2539 entries, 0 to 2538\n",
      "Data columns (total 25 columns):\n",
      "State             2539 non-null int64\n",
      "County            2539 non-null int64\n",
      "Tract             2539 non-null int64\n",
      "BLKGRP            2539 non-null int64\n",
      "Geography         2539 non-null object\n",
      "PopTotal          2539 non-null int64\n",
      "White             2539 non-null int64\n",
      "Black             2539 non-null int64\n",
      "Hispanic          2539 non-null int64\n",
      "Indian            2539 non-null int64\n",
      "Asian             2539 non-null int64\n",
      "NativeAmerican    2539 non-null int64\n",
      "Other             2539 non-null int64\n",
      "Mixed             2539 non-null int64\n",
      "Households        2539 non-null int64\n",
      "Unoccupied        2539 non-null int64\n",
      "Occupied          2539 non-null int64\n",
      "Vacant            2539 non-null int64\n",
      "MHI               2539 non-null int64\n",
      "Affected          2539 non-null int64\n",
      "Children          2539 non-null int64\n",
      "Seniors           2539 non-null int64\n",
      "Count_Af_1        2539 non-null int64\n",
      "Shape_Leng        2539 non-null float64\n",
      "Shape_Area        2539 non-null float64\n",
      "dtypes: float64(2), int64(22), object(1)\n",
      "memory usage: 496.0+ KB\n"
     ]
    },
    {
     "data": {
      "text/plain": [
       "None"
      ]
     },
     "metadata": {},
     "output_type": "display_data"
    },
    {
     "name": "stdout",
     "output_type": "stream",
     "text": [
      "PopTotal Mean: 2173.390 St Dev:  1948.456\n",
      "White Mean: 771.751 St Dev:  1063.206\n",
      "Black Mean: 376.602 St Dev:  591.227\n",
      "Hispanic Mean: 819.930 St Dev:  801.453\n",
      "Indian Mean: 4.174 St Dev:  20.283\n",
      "Asian Mean: 163.950 St Dev:  418.490\n",
      "NativeAmerican Mean: 1.130 St Dev:  11.454\n",
      "Other Mean: 4.418 St Dev:  22.407\n",
      "Mixed Mean: 31.436 St Dev:  60.561\n",
      "Households Mean: 740.909 St Dev:  596.813\n",
      "Occupied Mean: 740.909 St Dev:  596.813\n",
      "MHI Mean: 61698.796 St Dev:  39726.164\n",
      "Affected Mean: 62.625 St Dev:  102.883\n",
      "Children Mean: 166.782 St Dev:  205.438\n",
      "Seniors Mean: 199.936 St Dev:  164.416\n",
      "AffectedPercentage Mean: 4.340 St Dev:  7.593\n"
     ]
    }
   ],
   "source": [
    "df = pd.read_csv(\"harvey.csv\")\n",
    "\n",
    "display(df.info())\n",
    "\n",
    "df = df[df.PopTotal > 0]\n",
    "\n",
    "df = df[df.Households > 0]\n",
    "\n",
    "df = df[df.Occupied > 0]\n",
    "\n",
    "df = df[df.PopTotal / df.Affected > 1]\n",
    "\n",
    "df['AffectedPercentage'] = df.Affected / df.PopTotal * 100\n",
    "\n",
    "# CREATING AFFECTED PERCENTAGE BIN\n",
    "df['AffectedBin'] = createAPBin()\n",
    "\n",
    "#MHI: stands for median household income\n",
    "\n",
    "initialColumns = ['PopTotal', 'White', 'Black', 'Hispanic', 'Indian', 'Asian', 'NativeAmerican', 'Other', 'Mixed', 'Households', 'Occupied', 'MHI', 'Affected', 'Children', 'Seniors', 'AffectedPercentage']\n",
    "\n",
    "for i in initialColumns:\n",
    "    print(i, 'Mean:', '%.3f'%(statistics.mean(df[i])) , 'St Dev: ','%.3f'%(statistics.stdev(df[i])))"
   ]
  },
  {
   "cell_type": "code",
   "execution_count": 154,
   "metadata": {},
   "outputs": [
    {
     "name": "stdout",
     "output_type": "stream",
     "text": [
      "White percentage: 35.51 %\n",
      "Black percentage: 17.33 %\n",
      "Hispanic percentage: 37.73 %\n",
      "Indian percentage: 0.19 %\n",
      "Asian percentage: 7.54 %\n",
      "NativeAmerican percentage: 0.05 %\n",
      "Other percentage: 0.20 %\n",
      "Mixed percentage: 1.45 %\n"
     ]
    }
   ],
   "source": [
    "popTotal = sum(df['PopTotal'])\n",
    "\n",
    "popColumns = ['White', 'Black', 'Hispanic', 'Indian', 'Asian', 'NativeAmerican', 'Other', 'Mixed']\n",
    "\n",
    "for i in popColumns:\n",
    "    percentage = (sum(df[i]) / popTotal)\n",
    "    percentage = '%.2f'%(float(percentage)*100)\n",
    "    print(i, 'percentage:', percentage, '%')"
   ]
  },
  {
   "cell_type": "code",
   "execution_count": 155,
   "metadata": {},
   "outputs": [
    {
     "data": {
      "text/html": [
       "<div>\n",
       "<style scoped>\n",
       "    .dataframe tbody tr th:only-of-type {\n",
       "        vertical-align: middle;\n",
       "    }\n",
       "\n",
       "    .dataframe tbody tr th {\n",
       "        vertical-align: top;\n",
       "    }\n",
       "\n",
       "    .dataframe thead th {\n",
       "        text-align: right;\n",
       "    }\n",
       "</style>\n",
       "<table border=\"1\" class=\"dataframe\">\n",
       "  <thead>\n",
       "    <tr style=\"text-align: right;\">\n",
       "      <th></th>\n",
       "      <th>PopTotal</th>\n",
       "      <th>Households</th>\n",
       "      <th>Unoccupied</th>\n",
       "      <th>Occupied</th>\n",
       "      <th>Vacant</th>\n",
       "    </tr>\n",
       "  </thead>\n",
       "  <tbody>\n",
       "    <tr>\n",
       "      <th>PopTotal</th>\n",
       "      <td>1.000000</td>\n",
       "      <td>0.956875</td>\n",
       "      <td>0.940517</td>\n",
       "      <td>0.956875</td>\n",
       "      <td>0.259328</td>\n",
       "    </tr>\n",
       "    <tr>\n",
       "      <th>Households</th>\n",
       "      <td>0.956875</td>\n",
       "      <td>1.000000</td>\n",
       "      <td>0.992090</td>\n",
       "      <td>1.000000</td>\n",
       "      <td>0.339835</td>\n",
       "    </tr>\n",
       "    <tr>\n",
       "      <th>Unoccupied</th>\n",
       "      <td>0.940517</td>\n",
       "      <td>0.992090</td>\n",
       "      <td>1.000000</td>\n",
       "      <td>0.992090</td>\n",
       "      <td>0.455203</td>\n",
       "    </tr>\n",
       "    <tr>\n",
       "      <th>Occupied</th>\n",
       "      <td>0.956875</td>\n",
       "      <td>1.000000</td>\n",
       "      <td>0.992090</td>\n",
       "      <td>1.000000</td>\n",
       "      <td>0.339835</td>\n",
       "    </tr>\n",
       "    <tr>\n",
       "      <th>Vacant</th>\n",
       "      <td>0.259328</td>\n",
       "      <td>0.339835</td>\n",
       "      <td>0.455203</td>\n",
       "      <td>0.339835</td>\n",
       "      <td>1.000000</td>\n",
       "    </tr>\n",
       "  </tbody>\n",
       "</table>\n",
       "</div>"
      ],
      "text/plain": [
       "            PopTotal  Households  Unoccupied  Occupied    Vacant\n",
       "PopTotal    1.000000    0.956875    0.940517  0.956875  0.259328\n",
       "Households  0.956875    1.000000    0.992090  1.000000  0.339835\n",
       "Unoccupied  0.940517    0.992090    1.000000  0.992090  0.455203\n",
       "Occupied    0.956875    1.000000    0.992090  1.000000  0.339835\n",
       "Vacant      0.259328    0.339835    0.455203  0.339835  1.000000"
      ]
     },
     "execution_count": 155,
     "metadata": {},
     "output_type": "execute_result"
    }
   ],
   "source": [
    "df[['PopTotal', 'Households', 'Unoccupied', 'Occupied', 'Vacant']].corr()"
   ]
  },
  {
   "cell_type": "code",
   "execution_count": 156,
   "metadata": {},
   "outputs": [
    {
     "data": {
      "text/html": [
       "<div>\n",
       "<style scoped>\n",
       "    .dataframe tbody tr th:only-of-type {\n",
       "        vertical-align: middle;\n",
       "    }\n",
       "\n",
       "    .dataframe tbody tr th {\n",
       "        vertical-align: top;\n",
       "    }\n",
       "\n",
       "    .dataframe thead th {\n",
       "        text-align: right;\n",
       "    }\n",
       "</style>\n",
       "<table border=\"1\" class=\"dataframe\">\n",
       "  <thead>\n",
       "    <tr style=\"text-align: right;\">\n",
       "      <th></th>\n",
       "      <th>MHI</th>\n",
       "      <th>Affected</th>\n",
       "      <th>Households</th>\n",
       "      <th>Unoccupied</th>\n",
       "      <th>Occupied</th>\n",
       "      <th>Vacant</th>\n",
       "    </tr>\n",
       "  </thead>\n",
       "  <tbody>\n",
       "    <tr>\n",
       "      <th>MHI</th>\n",
       "      <td>1.000000</td>\n",
       "      <td>-0.098142</td>\n",
       "      <td>0.184385</td>\n",
       "      <td>0.156466</td>\n",
       "      <td>0.184385</td>\n",
       "      <td>-0.135591</td>\n",
       "    </tr>\n",
       "    <tr>\n",
       "      <th>Affected</th>\n",
       "      <td>-0.098142</td>\n",
       "      <td>1.000000</td>\n",
       "      <td>-0.089817</td>\n",
       "      <td>-0.076428</td>\n",
       "      <td>-0.089817</td>\n",
       "      <td>0.064468</td>\n",
       "    </tr>\n",
       "    <tr>\n",
       "      <th>Households</th>\n",
       "      <td>0.184385</td>\n",
       "      <td>-0.089817</td>\n",
       "      <td>1.000000</td>\n",
       "      <td>0.992090</td>\n",
       "      <td>1.000000</td>\n",
       "      <td>0.339835</td>\n",
       "    </tr>\n",
       "    <tr>\n",
       "      <th>Unoccupied</th>\n",
       "      <td>0.156466</td>\n",
       "      <td>-0.076428</td>\n",
       "      <td>0.992090</td>\n",
       "      <td>1.000000</td>\n",
       "      <td>0.992090</td>\n",
       "      <td>0.455203</td>\n",
       "    </tr>\n",
       "    <tr>\n",
       "      <th>Occupied</th>\n",
       "      <td>0.184385</td>\n",
       "      <td>-0.089817</td>\n",
       "      <td>1.000000</td>\n",
       "      <td>0.992090</td>\n",
       "      <td>1.000000</td>\n",
       "      <td>0.339835</td>\n",
       "    </tr>\n",
       "    <tr>\n",
       "      <th>Vacant</th>\n",
       "      <td>-0.135591</td>\n",
       "      <td>0.064468</td>\n",
       "      <td>0.339835</td>\n",
       "      <td>0.455203</td>\n",
       "      <td>0.339835</td>\n",
       "      <td>1.000000</td>\n",
       "    </tr>\n",
       "  </tbody>\n",
       "</table>\n",
       "</div>"
      ],
      "text/plain": [
       "                 MHI  Affected  Households  Unoccupied  Occupied    Vacant\n",
       "MHI         1.000000 -0.098142    0.184385    0.156466  0.184385 -0.135591\n",
       "Affected   -0.098142  1.000000   -0.089817   -0.076428 -0.089817  0.064468\n",
       "Households  0.184385 -0.089817    1.000000    0.992090  1.000000  0.339835\n",
       "Unoccupied  0.156466 -0.076428    0.992090    1.000000  0.992090  0.455203\n",
       "Occupied    0.184385 -0.089817    1.000000    0.992090  1.000000  0.339835\n",
       "Vacant     -0.135591  0.064468    0.339835    0.455203  0.339835  1.000000"
      ]
     },
     "execution_count": 156,
     "metadata": {},
     "output_type": "execute_result"
    }
   ],
   "source": [
    "df[['MHI', 'Affected', 'Households', 'Unoccupied', 'Occupied', 'Vacant']].corr()"
   ]
  },
  {
   "cell_type": "code",
   "execution_count": 157,
   "metadata": {},
   "outputs": [
    {
     "data": {
      "text/html": [
       "<div>\n",
       "<style scoped>\n",
       "    .dataframe tbody tr th:only-of-type {\n",
       "        vertical-align: middle;\n",
       "    }\n",
       "\n",
       "    .dataframe tbody tr th {\n",
       "        vertical-align: top;\n",
       "    }\n",
       "\n",
       "    .dataframe thead th {\n",
       "        text-align: right;\n",
       "    }\n",
       "</style>\n",
       "<table border=\"1\" class=\"dataframe\">\n",
       "  <thead>\n",
       "    <tr style=\"text-align: right;\">\n",
       "      <th></th>\n",
       "      <th>White</th>\n",
       "      <th>MHI</th>\n",
       "      <th>Affected</th>\n",
       "      <th>Households</th>\n",
       "      <th>Unoccupied</th>\n",
       "      <th>Occupied</th>\n",
       "      <th>Vacant</th>\n",
       "    </tr>\n",
       "  </thead>\n",
       "  <tbody>\n",
       "    <tr>\n",
       "      <th>White</th>\n",
       "      <td>1.000000</td>\n",
       "      <td>0.453211</td>\n",
       "      <td>-0.190802</td>\n",
       "      <td>0.771011</td>\n",
       "      <td>0.750424</td>\n",
       "      <td>0.771011</td>\n",
       "      <td>0.153466</td>\n",
       "    </tr>\n",
       "    <tr>\n",
       "      <th>MHI</th>\n",
       "      <td>0.453211</td>\n",
       "      <td>1.000000</td>\n",
       "      <td>-0.098142</td>\n",
       "      <td>0.184385</td>\n",
       "      <td>0.156466</td>\n",
       "      <td>0.184385</td>\n",
       "      <td>-0.135591</td>\n",
       "    </tr>\n",
       "    <tr>\n",
       "      <th>Affected</th>\n",
       "      <td>-0.190802</td>\n",
       "      <td>-0.098142</td>\n",
       "      <td>1.000000</td>\n",
       "      <td>-0.089817</td>\n",
       "      <td>-0.076428</td>\n",
       "      <td>-0.089817</td>\n",
       "      <td>0.064468</td>\n",
       "    </tr>\n",
       "    <tr>\n",
       "      <th>Households</th>\n",
       "      <td>0.771011</td>\n",
       "      <td>0.184385</td>\n",
       "      <td>-0.089817</td>\n",
       "      <td>1.000000</td>\n",
       "      <td>0.992090</td>\n",
       "      <td>1.000000</td>\n",
       "      <td>0.339835</td>\n",
       "    </tr>\n",
       "    <tr>\n",
       "      <th>Unoccupied</th>\n",
       "      <td>0.750424</td>\n",
       "      <td>0.156466</td>\n",
       "      <td>-0.076428</td>\n",
       "      <td>0.992090</td>\n",
       "      <td>1.000000</td>\n",
       "      <td>0.992090</td>\n",
       "      <td>0.455203</td>\n",
       "    </tr>\n",
       "    <tr>\n",
       "      <th>Occupied</th>\n",
       "      <td>0.771011</td>\n",
       "      <td>0.184385</td>\n",
       "      <td>-0.089817</td>\n",
       "      <td>1.000000</td>\n",
       "      <td>0.992090</td>\n",
       "      <td>1.000000</td>\n",
       "      <td>0.339835</td>\n",
       "    </tr>\n",
       "    <tr>\n",
       "      <th>Vacant</th>\n",
       "      <td>0.153466</td>\n",
       "      <td>-0.135591</td>\n",
       "      <td>0.064468</td>\n",
       "      <td>0.339835</td>\n",
       "      <td>0.455203</td>\n",
       "      <td>0.339835</td>\n",
       "      <td>1.000000</td>\n",
       "    </tr>\n",
       "  </tbody>\n",
       "</table>\n",
       "</div>"
      ],
      "text/plain": [
       "               White       MHI  Affected  Households  Unoccupied  Occupied  \\\n",
       "White       1.000000  0.453211 -0.190802    0.771011    0.750424  0.771011   \n",
       "MHI         0.453211  1.000000 -0.098142    0.184385    0.156466  0.184385   \n",
       "Affected   -0.190802 -0.098142  1.000000   -0.089817   -0.076428 -0.089817   \n",
       "Households  0.771011  0.184385 -0.089817    1.000000    0.992090  1.000000   \n",
       "Unoccupied  0.750424  0.156466 -0.076428    0.992090    1.000000  0.992090   \n",
       "Occupied    0.771011  0.184385 -0.089817    1.000000    0.992090  1.000000   \n",
       "Vacant      0.153466 -0.135591  0.064468    0.339835    0.455203  0.339835   \n",
       "\n",
       "              Vacant  \n",
       "White       0.153466  \n",
       "MHI        -0.135591  \n",
       "Affected    0.064468  \n",
       "Households  0.339835  \n",
       "Unoccupied  0.455203  \n",
       "Occupied    0.339835  \n",
       "Vacant      1.000000  "
      ]
     },
     "execution_count": 157,
     "metadata": {},
     "output_type": "execute_result"
    }
   ],
   "source": [
    "df[['White', 'MHI', 'Affected','Households', 'Unoccupied', 'Occupied', 'Vacant']].corr()"
   ]
  },
  {
   "cell_type": "code",
   "execution_count": 158,
   "metadata": {},
   "outputs": [
    {
     "data": {
      "text/html": [
       "<div>\n",
       "<style scoped>\n",
       "    .dataframe tbody tr th:only-of-type {\n",
       "        vertical-align: middle;\n",
       "    }\n",
       "\n",
       "    .dataframe tbody tr th {\n",
       "        vertical-align: top;\n",
       "    }\n",
       "\n",
       "    .dataframe thead th {\n",
       "        text-align: right;\n",
       "    }\n",
       "</style>\n",
       "<table border=\"1\" class=\"dataframe\">\n",
       "  <thead>\n",
       "    <tr style=\"text-align: right;\">\n",
       "      <th></th>\n",
       "      <th>Black</th>\n",
       "      <th>MHI</th>\n",
       "      <th>Affected</th>\n",
       "      <th>Households</th>\n",
       "      <th>Unoccupied</th>\n",
       "      <th>Occupied</th>\n",
       "      <th>Vacant</th>\n",
       "    </tr>\n",
       "  </thead>\n",
       "  <tbody>\n",
       "    <tr>\n",
       "      <th>Black</th>\n",
       "      <td>1.000000</td>\n",
       "      <td>-0.136720</td>\n",
       "      <td>0.145845</td>\n",
       "      <td>0.522868</td>\n",
       "      <td>0.526884</td>\n",
       "      <td>0.522868</td>\n",
       "      <td>0.238770</td>\n",
       "    </tr>\n",
       "    <tr>\n",
       "      <th>MHI</th>\n",
       "      <td>-0.136720</td>\n",
       "      <td>1.000000</td>\n",
       "      <td>-0.098142</td>\n",
       "      <td>0.184385</td>\n",
       "      <td>0.156466</td>\n",
       "      <td>0.184385</td>\n",
       "      <td>-0.135591</td>\n",
       "    </tr>\n",
       "    <tr>\n",
       "      <th>Affected</th>\n",
       "      <td>0.145845</td>\n",
       "      <td>-0.098142</td>\n",
       "      <td>1.000000</td>\n",
       "      <td>-0.089817</td>\n",
       "      <td>-0.076428</td>\n",
       "      <td>-0.089817</td>\n",
       "      <td>0.064468</td>\n",
       "    </tr>\n",
       "    <tr>\n",
       "      <th>Households</th>\n",
       "      <td>0.522868</td>\n",
       "      <td>0.184385</td>\n",
       "      <td>-0.089817</td>\n",
       "      <td>1.000000</td>\n",
       "      <td>0.992090</td>\n",
       "      <td>1.000000</td>\n",
       "      <td>0.339835</td>\n",
       "    </tr>\n",
       "    <tr>\n",
       "      <th>Unoccupied</th>\n",
       "      <td>0.526884</td>\n",
       "      <td>0.156466</td>\n",
       "      <td>-0.076428</td>\n",
       "      <td>0.992090</td>\n",
       "      <td>1.000000</td>\n",
       "      <td>0.992090</td>\n",
       "      <td>0.455203</td>\n",
       "    </tr>\n",
       "    <tr>\n",
       "      <th>Occupied</th>\n",
       "      <td>0.522868</td>\n",
       "      <td>0.184385</td>\n",
       "      <td>-0.089817</td>\n",
       "      <td>1.000000</td>\n",
       "      <td>0.992090</td>\n",
       "      <td>1.000000</td>\n",
       "      <td>0.339835</td>\n",
       "    </tr>\n",
       "    <tr>\n",
       "      <th>Vacant</th>\n",
       "      <td>0.238770</td>\n",
       "      <td>-0.135591</td>\n",
       "      <td>0.064468</td>\n",
       "      <td>0.339835</td>\n",
       "      <td>0.455203</td>\n",
       "      <td>0.339835</td>\n",
       "      <td>1.000000</td>\n",
       "    </tr>\n",
       "  </tbody>\n",
       "</table>\n",
       "</div>"
      ],
      "text/plain": [
       "               Black       MHI  Affected  Households  Unoccupied  Occupied  \\\n",
       "Black       1.000000 -0.136720  0.145845    0.522868    0.526884  0.522868   \n",
       "MHI        -0.136720  1.000000 -0.098142    0.184385    0.156466  0.184385   \n",
       "Affected    0.145845 -0.098142  1.000000   -0.089817   -0.076428 -0.089817   \n",
       "Households  0.522868  0.184385 -0.089817    1.000000    0.992090  1.000000   \n",
       "Unoccupied  0.526884  0.156466 -0.076428    0.992090    1.000000  0.992090   \n",
       "Occupied    0.522868  0.184385 -0.089817    1.000000    0.992090  1.000000   \n",
       "Vacant      0.238770 -0.135591  0.064468    0.339835    0.455203  0.339835   \n",
       "\n",
       "              Vacant  \n",
       "Black       0.238770  \n",
       "MHI        -0.135591  \n",
       "Affected    0.064468  \n",
       "Households  0.339835  \n",
       "Unoccupied  0.455203  \n",
       "Occupied    0.339835  \n",
       "Vacant      1.000000  "
      ]
     },
     "execution_count": 158,
     "metadata": {},
     "output_type": "execute_result"
    }
   ],
   "source": [
    "df[['Black', 'MHI', 'Affected','Households', 'Unoccupied', 'Occupied', 'Vacant']].corr()"
   ]
  },
  {
   "cell_type": "code",
   "execution_count": 159,
   "metadata": {},
   "outputs": [
    {
     "data": {
      "text/html": [
       "<div>\n",
       "<style scoped>\n",
       "    .dataframe tbody tr th:only-of-type {\n",
       "        vertical-align: middle;\n",
       "    }\n",
       "\n",
       "    .dataframe tbody tr th {\n",
       "        vertical-align: top;\n",
       "    }\n",
       "\n",
       "    .dataframe thead th {\n",
       "        text-align: right;\n",
       "    }\n",
       "</style>\n",
       "<table border=\"1\" class=\"dataframe\">\n",
       "  <thead>\n",
       "    <tr style=\"text-align: right;\">\n",
       "      <th></th>\n",
       "      <th>Hispanic</th>\n",
       "      <th>MHI</th>\n",
       "      <th>Affected</th>\n",
       "      <th>Households</th>\n",
       "      <th>Unoccupied</th>\n",
       "      <th>Occupied</th>\n",
       "      <th>Vacant</th>\n",
       "    </tr>\n",
       "  </thead>\n",
       "  <tbody>\n",
       "    <tr>\n",
       "      <th>Hispanic</th>\n",
       "      <td>1.000000</td>\n",
       "      <td>-0.232042</td>\n",
       "      <td>-0.018740</td>\n",
       "      <td>0.524969</td>\n",
       "      <td>0.518594</td>\n",
       "      <td>0.524969</td>\n",
       "      <td>0.161746</td>\n",
       "    </tr>\n",
       "    <tr>\n",
       "      <th>MHI</th>\n",
       "      <td>-0.232042</td>\n",
       "      <td>1.000000</td>\n",
       "      <td>-0.098142</td>\n",
       "      <td>0.184385</td>\n",
       "      <td>0.156466</td>\n",
       "      <td>0.184385</td>\n",
       "      <td>-0.135591</td>\n",
       "    </tr>\n",
       "    <tr>\n",
       "      <th>Affected</th>\n",
       "      <td>-0.018740</td>\n",
       "      <td>-0.098142</td>\n",
       "      <td>1.000000</td>\n",
       "      <td>-0.089817</td>\n",
       "      <td>-0.076428</td>\n",
       "      <td>-0.089817</td>\n",
       "      <td>0.064468</td>\n",
       "    </tr>\n",
       "    <tr>\n",
       "      <th>Households</th>\n",
       "      <td>0.524969</td>\n",
       "      <td>0.184385</td>\n",
       "      <td>-0.089817</td>\n",
       "      <td>1.000000</td>\n",
       "      <td>0.992090</td>\n",
       "      <td>1.000000</td>\n",
       "      <td>0.339835</td>\n",
       "    </tr>\n",
       "    <tr>\n",
       "      <th>Unoccupied</th>\n",
       "      <td>0.518594</td>\n",
       "      <td>0.156466</td>\n",
       "      <td>-0.076428</td>\n",
       "      <td>0.992090</td>\n",
       "      <td>1.000000</td>\n",
       "      <td>0.992090</td>\n",
       "      <td>0.455203</td>\n",
       "    </tr>\n",
       "    <tr>\n",
       "      <th>Occupied</th>\n",
       "      <td>0.524969</td>\n",
       "      <td>0.184385</td>\n",
       "      <td>-0.089817</td>\n",
       "      <td>1.000000</td>\n",
       "      <td>0.992090</td>\n",
       "      <td>1.000000</td>\n",
       "      <td>0.339835</td>\n",
       "    </tr>\n",
       "    <tr>\n",
       "      <th>Vacant</th>\n",
       "      <td>0.161746</td>\n",
       "      <td>-0.135591</td>\n",
       "      <td>0.064468</td>\n",
       "      <td>0.339835</td>\n",
       "      <td>0.455203</td>\n",
       "      <td>0.339835</td>\n",
       "      <td>1.000000</td>\n",
       "    </tr>\n",
       "  </tbody>\n",
       "</table>\n",
       "</div>"
      ],
      "text/plain": [
       "            Hispanic       MHI  Affected  Households  Unoccupied  Occupied  \\\n",
       "Hispanic    1.000000 -0.232042 -0.018740    0.524969    0.518594  0.524969   \n",
       "MHI        -0.232042  1.000000 -0.098142    0.184385    0.156466  0.184385   \n",
       "Affected   -0.018740 -0.098142  1.000000   -0.089817   -0.076428 -0.089817   \n",
       "Households  0.524969  0.184385 -0.089817    1.000000    0.992090  1.000000   \n",
       "Unoccupied  0.518594  0.156466 -0.076428    0.992090    1.000000  0.992090   \n",
       "Occupied    0.524969  0.184385 -0.089817    1.000000    0.992090  1.000000   \n",
       "Vacant      0.161746 -0.135591  0.064468    0.339835    0.455203  0.339835   \n",
       "\n",
       "              Vacant  \n",
       "Hispanic    0.161746  \n",
       "MHI        -0.135591  \n",
       "Affected    0.064468  \n",
       "Households  0.339835  \n",
       "Unoccupied  0.455203  \n",
       "Occupied    0.339835  \n",
       "Vacant      1.000000  "
      ]
     },
     "execution_count": 159,
     "metadata": {},
     "output_type": "execute_result"
    }
   ],
   "source": [
    "df[['Hispanic', 'MHI', 'Affected','Households', 'Unoccupied', 'Occupied', 'Vacant']].corr()"
   ]
  },
  {
   "cell_type": "code",
   "execution_count": 160,
   "metadata": {},
   "outputs": [
    {
     "data": {
      "text/html": [
       "<div>\n",
       "<style scoped>\n",
       "    .dataframe tbody tr th:only-of-type {\n",
       "        vertical-align: middle;\n",
       "    }\n",
       "\n",
       "    .dataframe tbody tr th {\n",
       "        vertical-align: top;\n",
       "    }\n",
       "\n",
       "    .dataframe thead th {\n",
       "        text-align: right;\n",
       "    }\n",
       "</style>\n",
       "<table border=\"1\" class=\"dataframe\">\n",
       "  <thead>\n",
       "    <tr style=\"text-align: right;\">\n",
       "      <th></th>\n",
       "      <th>Indian</th>\n",
       "      <th>MHI</th>\n",
       "      <th>Affected</th>\n",
       "      <th>Households</th>\n",
       "      <th>Unoccupied</th>\n",
       "      <th>Occupied</th>\n",
       "      <th>Vacant</th>\n",
       "    </tr>\n",
       "  </thead>\n",
       "  <tbody>\n",
       "    <tr>\n",
       "      <th>Indian</th>\n",
       "      <td>1.000000</td>\n",
       "      <td>0.048216</td>\n",
       "      <td>-0.055114</td>\n",
       "      <td>0.283762</td>\n",
       "      <td>0.276259</td>\n",
       "      <td>0.283762</td>\n",
       "      <td>0.057037</td>\n",
       "    </tr>\n",
       "    <tr>\n",
       "      <th>MHI</th>\n",
       "      <td>0.048216</td>\n",
       "      <td>1.000000</td>\n",
       "      <td>-0.098142</td>\n",
       "      <td>0.184385</td>\n",
       "      <td>0.156466</td>\n",
       "      <td>0.184385</td>\n",
       "      <td>-0.135591</td>\n",
       "    </tr>\n",
       "    <tr>\n",
       "      <th>Affected</th>\n",
       "      <td>-0.055114</td>\n",
       "      <td>-0.098142</td>\n",
       "      <td>1.000000</td>\n",
       "      <td>-0.089817</td>\n",
       "      <td>-0.076428</td>\n",
       "      <td>-0.089817</td>\n",
       "      <td>0.064468</td>\n",
       "    </tr>\n",
       "    <tr>\n",
       "      <th>Households</th>\n",
       "      <td>0.283762</td>\n",
       "      <td>0.184385</td>\n",
       "      <td>-0.089817</td>\n",
       "      <td>1.000000</td>\n",
       "      <td>0.992090</td>\n",
       "      <td>1.000000</td>\n",
       "      <td>0.339835</td>\n",
       "    </tr>\n",
       "    <tr>\n",
       "      <th>Unoccupied</th>\n",
       "      <td>0.276259</td>\n",
       "      <td>0.156466</td>\n",
       "      <td>-0.076428</td>\n",
       "      <td>0.992090</td>\n",
       "      <td>1.000000</td>\n",
       "      <td>0.992090</td>\n",
       "      <td>0.455203</td>\n",
       "    </tr>\n",
       "    <tr>\n",
       "      <th>Occupied</th>\n",
       "      <td>0.283762</td>\n",
       "      <td>0.184385</td>\n",
       "      <td>-0.089817</td>\n",
       "      <td>1.000000</td>\n",
       "      <td>0.992090</td>\n",
       "      <td>1.000000</td>\n",
       "      <td>0.339835</td>\n",
       "    </tr>\n",
       "    <tr>\n",
       "      <th>Vacant</th>\n",
       "      <td>0.057037</td>\n",
       "      <td>-0.135591</td>\n",
       "      <td>0.064468</td>\n",
       "      <td>0.339835</td>\n",
       "      <td>0.455203</td>\n",
       "      <td>0.339835</td>\n",
       "      <td>1.000000</td>\n",
       "    </tr>\n",
       "  </tbody>\n",
       "</table>\n",
       "</div>"
      ],
      "text/plain": [
       "              Indian       MHI  Affected  Households  Unoccupied  Occupied  \\\n",
       "Indian      1.000000  0.048216 -0.055114    0.283762    0.276259  0.283762   \n",
       "MHI         0.048216  1.000000 -0.098142    0.184385    0.156466  0.184385   \n",
       "Affected   -0.055114 -0.098142  1.000000   -0.089817   -0.076428 -0.089817   \n",
       "Households  0.283762  0.184385 -0.089817    1.000000    0.992090  1.000000   \n",
       "Unoccupied  0.276259  0.156466 -0.076428    0.992090    1.000000  0.992090   \n",
       "Occupied    0.283762  0.184385 -0.089817    1.000000    0.992090  1.000000   \n",
       "Vacant      0.057037 -0.135591  0.064468    0.339835    0.455203  0.339835   \n",
       "\n",
       "              Vacant  \n",
       "Indian      0.057037  \n",
       "MHI        -0.135591  \n",
       "Affected    0.064468  \n",
       "Households  0.339835  \n",
       "Unoccupied  0.455203  \n",
       "Occupied    0.339835  \n",
       "Vacant      1.000000  "
      ]
     },
     "execution_count": 160,
     "metadata": {},
     "output_type": "execute_result"
    }
   ],
   "source": [
    "df[['Indian', 'MHI', 'Affected','Households', 'Unoccupied', 'Occupied', 'Vacant']].corr()"
   ]
  },
  {
   "cell_type": "code",
   "execution_count": 161,
   "metadata": {},
   "outputs": [
    {
     "data": {
      "text/html": [
       "<div>\n",
       "<style scoped>\n",
       "    .dataframe tbody tr th:only-of-type {\n",
       "        vertical-align: middle;\n",
       "    }\n",
       "\n",
       "    .dataframe tbody tr th {\n",
       "        vertical-align: top;\n",
       "    }\n",
       "\n",
       "    .dataframe thead th {\n",
       "        text-align: right;\n",
       "    }\n",
       "</style>\n",
       "<table border=\"1\" class=\"dataframe\">\n",
       "  <thead>\n",
       "    <tr style=\"text-align: right;\">\n",
       "      <th></th>\n",
       "      <th>Asian</th>\n",
       "      <th>MHI</th>\n",
       "      <th>Affected</th>\n",
       "      <th>Households</th>\n",
       "      <th>Unoccupied</th>\n",
       "      <th>Occupied</th>\n",
       "      <th>Vacant</th>\n",
       "    </tr>\n",
       "  </thead>\n",
       "  <tbody>\n",
       "    <tr>\n",
       "      <th>Asian</th>\n",
       "      <td>1.000000</td>\n",
       "      <td>0.215121</td>\n",
       "      <td>-0.091156</td>\n",
       "      <td>0.650993</td>\n",
       "      <td>0.635739</td>\n",
       "      <td>0.650993</td>\n",
       "      <td>0.145518</td>\n",
       "    </tr>\n",
       "    <tr>\n",
       "      <th>MHI</th>\n",
       "      <td>0.215121</td>\n",
       "      <td>1.000000</td>\n",
       "      <td>-0.098142</td>\n",
       "      <td>0.184385</td>\n",
       "      <td>0.156466</td>\n",
       "      <td>0.184385</td>\n",
       "      <td>-0.135591</td>\n",
       "    </tr>\n",
       "    <tr>\n",
       "      <th>Affected</th>\n",
       "      <td>-0.091156</td>\n",
       "      <td>-0.098142</td>\n",
       "      <td>1.000000</td>\n",
       "      <td>-0.089817</td>\n",
       "      <td>-0.076428</td>\n",
       "      <td>-0.089817</td>\n",
       "      <td>0.064468</td>\n",
       "    </tr>\n",
       "    <tr>\n",
       "      <th>Households</th>\n",
       "      <td>0.650993</td>\n",
       "      <td>0.184385</td>\n",
       "      <td>-0.089817</td>\n",
       "      <td>1.000000</td>\n",
       "      <td>0.992090</td>\n",
       "      <td>1.000000</td>\n",
       "      <td>0.339835</td>\n",
       "    </tr>\n",
       "    <tr>\n",
       "      <th>Unoccupied</th>\n",
       "      <td>0.635739</td>\n",
       "      <td>0.156466</td>\n",
       "      <td>-0.076428</td>\n",
       "      <td>0.992090</td>\n",
       "      <td>1.000000</td>\n",
       "      <td>0.992090</td>\n",
       "      <td>0.455203</td>\n",
       "    </tr>\n",
       "    <tr>\n",
       "      <th>Occupied</th>\n",
       "      <td>0.650993</td>\n",
       "      <td>0.184385</td>\n",
       "      <td>-0.089817</td>\n",
       "      <td>1.000000</td>\n",
       "      <td>0.992090</td>\n",
       "      <td>1.000000</td>\n",
       "      <td>0.339835</td>\n",
       "    </tr>\n",
       "    <tr>\n",
       "      <th>Vacant</th>\n",
       "      <td>0.145518</td>\n",
       "      <td>-0.135591</td>\n",
       "      <td>0.064468</td>\n",
       "      <td>0.339835</td>\n",
       "      <td>0.455203</td>\n",
       "      <td>0.339835</td>\n",
       "      <td>1.000000</td>\n",
       "    </tr>\n",
       "  </tbody>\n",
       "</table>\n",
       "</div>"
      ],
      "text/plain": [
       "               Asian       MHI  Affected  Households  Unoccupied  Occupied  \\\n",
       "Asian       1.000000  0.215121 -0.091156    0.650993    0.635739  0.650993   \n",
       "MHI         0.215121  1.000000 -0.098142    0.184385    0.156466  0.184385   \n",
       "Affected   -0.091156 -0.098142  1.000000   -0.089817   -0.076428 -0.089817   \n",
       "Households  0.650993  0.184385 -0.089817    1.000000    0.992090  1.000000   \n",
       "Unoccupied  0.635739  0.156466 -0.076428    0.992090    1.000000  0.992090   \n",
       "Occupied    0.650993  0.184385 -0.089817    1.000000    0.992090  1.000000   \n",
       "Vacant      0.145518 -0.135591  0.064468    0.339835    0.455203  0.339835   \n",
       "\n",
       "              Vacant  \n",
       "Asian       0.145518  \n",
       "MHI        -0.135591  \n",
       "Affected    0.064468  \n",
       "Households  0.339835  \n",
       "Unoccupied  0.455203  \n",
       "Occupied    0.339835  \n",
       "Vacant      1.000000  "
      ]
     },
     "execution_count": 161,
     "metadata": {},
     "output_type": "execute_result"
    }
   ],
   "source": [
    "df[['Asian', 'MHI', 'Affected','Households', 'Unoccupied', 'Occupied', 'Vacant']].corr()"
   ]
  },
  {
   "cell_type": "code",
   "execution_count": 162,
   "metadata": {},
   "outputs": [
    {
     "data": {
      "text/html": [
       "<div>\n",
       "<style scoped>\n",
       "    .dataframe tbody tr th:only-of-type {\n",
       "        vertical-align: middle;\n",
       "    }\n",
       "\n",
       "    .dataframe tbody tr th {\n",
       "        vertical-align: top;\n",
       "    }\n",
       "\n",
       "    .dataframe thead th {\n",
       "        text-align: right;\n",
       "    }\n",
       "</style>\n",
       "<table border=\"1\" class=\"dataframe\">\n",
       "  <thead>\n",
       "    <tr style=\"text-align: right;\">\n",
       "      <th></th>\n",
       "      <th>NativeAmerican</th>\n",
       "      <th>MHI</th>\n",
       "      <th>Affected</th>\n",
       "      <th>Households</th>\n",
       "      <th>Unoccupied</th>\n",
       "      <th>Occupied</th>\n",
       "      <th>Vacant</th>\n",
       "    </tr>\n",
       "  </thead>\n",
       "  <tbody>\n",
       "    <tr>\n",
       "      <th>NativeAmerican</th>\n",
       "      <td>1.000000</td>\n",
       "      <td>0.005899</td>\n",
       "      <td>-0.021270</td>\n",
       "      <td>0.072154</td>\n",
       "      <td>0.070842</td>\n",
       "      <td>0.072154</td>\n",
       "      <td>0.018963</td>\n",
       "    </tr>\n",
       "    <tr>\n",
       "      <th>MHI</th>\n",
       "      <td>0.005899</td>\n",
       "      <td>1.000000</td>\n",
       "      <td>-0.098142</td>\n",
       "      <td>0.184385</td>\n",
       "      <td>0.156466</td>\n",
       "      <td>0.184385</td>\n",
       "      <td>-0.135591</td>\n",
       "    </tr>\n",
       "    <tr>\n",
       "      <th>Affected</th>\n",
       "      <td>-0.021270</td>\n",
       "      <td>-0.098142</td>\n",
       "      <td>1.000000</td>\n",
       "      <td>-0.089817</td>\n",
       "      <td>-0.076428</td>\n",
       "      <td>-0.089817</td>\n",
       "      <td>0.064468</td>\n",
       "    </tr>\n",
       "    <tr>\n",
       "      <th>Households</th>\n",
       "      <td>0.072154</td>\n",
       "      <td>0.184385</td>\n",
       "      <td>-0.089817</td>\n",
       "      <td>1.000000</td>\n",
       "      <td>0.992090</td>\n",
       "      <td>1.000000</td>\n",
       "      <td>0.339835</td>\n",
       "    </tr>\n",
       "    <tr>\n",
       "      <th>Unoccupied</th>\n",
       "      <td>0.070842</td>\n",
       "      <td>0.156466</td>\n",
       "      <td>-0.076428</td>\n",
       "      <td>0.992090</td>\n",
       "      <td>1.000000</td>\n",
       "      <td>0.992090</td>\n",
       "      <td>0.455203</td>\n",
       "    </tr>\n",
       "    <tr>\n",
       "      <th>Occupied</th>\n",
       "      <td>0.072154</td>\n",
       "      <td>0.184385</td>\n",
       "      <td>-0.089817</td>\n",
       "      <td>1.000000</td>\n",
       "      <td>0.992090</td>\n",
       "      <td>1.000000</td>\n",
       "      <td>0.339835</td>\n",
       "    </tr>\n",
       "    <tr>\n",
